1
100 250
1 3
1 16
1 26
1 48
1 49
1 55
1 81
1 99
2 9
2 42
2 50
2 75
2 96
3 16
3 26
3 48
3 49
3 55
3 81
3 99
4 10
4 13
4 21
4 25
4 52
4 62
4 72
4 91
5 17
5 44
5 86
6 23
6 41
6 59
6 79
7 33
7 47
7 53
7 100
8 11
8 35
8 37
8 45
8 74
8 76
8 78
9 42
9 50
9 75
9 96
10 13
10 21
10 25
10 52
10 62
10 72
10 91
11 35
11 37
11 45
11 74
11 76
11 78
12 67
13 21
13 25
13 52
13 62
13 72
13 91
14 90
15 60
16 26
16 48
16 49
16 55
16 81
16 99
17 44
17 86
18 27
18 31
18 46
18 73
18 77
18 89
18 93
19 58
20 28
20 51
20 63
20 68
20 87
21 25
21 52
21 62
21 72
21 91
22 54
22 56
22 57
22 71
22 83
22 88
23 41
23 59
23 79
24 40
25 52
25 62
25 72
25 91
26 48
26 49
26 55
26 81
26 99
27 31
27 46
27 73
27 77
27 89
27 93
28 51
28 63
28 68
28 87
29 38
29 64
29 85
30 34
30 39
30 65
30 92
30 95
30 98
31 46
31 73
31 77
31 89
31 93
32 43
33 47
33 53
33 100
34 39
34 65
34 92
34 95
34 98
35 37
35 45
35 74
35 76
35 78
36 69
37 45
37 74
37 76
37 78
38 64
38 85
39 65
39 92
39 95
39 98
41 59
41 79
42 50
42 75
42 96
44 86
45 74
45 76
45 78
46 73
46 77
46 89
46 93
47 53
47 100
48 49
48 55
48 81
48 99
49 55
49 81
49 99
50 75
50 96
51 63
51 68
51 87
52 62
52 72
52 91
53 100
54 56
54 57
54 71
54 83
54 88
55 81
55 99
56 57
56 71
56 83
56 88
57 71
57 83
57 88
59 79
61 66
62 72
62 91
63 68
63 87
64 85
65 92
65 95
65 98
68 87
70 82
70 84
70 94
70 97
71 83
71 88
72 91
73 77
73 89
73 93
74 76
74 78
75 96
76 78
77 89
77 93
81 99
82 84
82 94
82 97
83 88
84 94
84 97
89 93
92 95
92 98
94 97
95 98