100 99
23 1
69 2
52 3
73 4
83 5
69 6
96 7
60 8
49 9
52 10
79 11
62 12
79 13
73 14
73 15
83 16
73 17
93 18
78 19
75 20
79 21
85 22
89 23
21 24
85 25
14 26
68 27
31 28
99 29
4 30
94 31
85 32
15 33
82 34
75 35
100 36
77 37
61 38
89 39
90 40
57 41
76 42
98 43
45 44
96 45
52 46
5 47
21 48
83 49
4 50
9 51
18 52
14 53
36 54
37 55
40 56
74 57
5 58
83 59
94 60
78 61
78 62
21 63
26 64
39 65
94 66
97 67
76 68
5 69
7 70
50 71
39 72
78 73
76 74
7 75
63 77
74 78
19 79
82 80
18 81
79 82
14 83
12 84
57 85
69 86
60 87
93 88
63 89
62 90
17 91
31 92
78 93
93 94
73 95
61 96
63 97
21 98
30 99
85 100
10
