575 522 10
317 441 449 79 206 178 242 302 194 1 457 105 438 333 136 554 425 46 268 187 389 74 152 382 373 330 508 133 163 502 497 466 478 314 505 532 407 39 62 108 13 440 101 299 332 476 38 215 151 452 530 158 14 397 78 551 8 287 509 401 261 267 402 555 565 100 148 174 207 179 192 471 516 419 504 529 3 211 553 92 254 171 318 404 69 410 138 558 112 537 477 200 89 186 519 149 416 106 326 183 274 239 463 432 177 384 210 380 2 347 291 437 26 57 547 522 501 517 225 228 398 128 53 99 132 494 475 427 359 387 49 226 339 431 65 35 229 563 306 403 345 224 349 358 218 461 454 257 162 181 24 392 166 329 506 19 137 70 429 258 289 109 567 535 84 277 188 140 213 538 549 27 376 313 173 354 428 204 110 456 264 310 303 512 11 231 142 145 5 513 469 541 328 574 216 458 492 241 262 168 446 430 369 503 400 48 170 406 214 321 304 424 348 364 233 191 393 237 199 250 88 276 144 564 123 559 327 16 381 405 87 107 196 73 176 433 96 545 408 97 60 118 29 135 296 146 245 573 543 399 569 521 82 562 462 375 409 552 417 372 119 485 86 294 260 548 309 20 198 143 385 374 378 472 286 36 42 234 468 467 155 275 464 323 396 28 18 413 189 340 341 575 300 368 21 227 443 265 473 232 72 238 66 391 566 269 465 159 322 460 320 568 203 520 156 383 297 394 248 395 184 290 209 450 448 308 282 357 236 93 197 270 352 127 34 421 278 131 41 76 44 288 482 111 386 125 139 9 167 525 64 539 244 499 514 418 249 334 117 390 58 114 486 480 91 292 436 271 124 160 336 370 157 52 22 235 165 37 511 571 363 273 130 180 85 56 75 30 444 495 285 353 164 356 411 479 542 493 346 316 175 343 491 263 190 212 45 474 126 496 279 311 414 515 367 325 524 161 63 205 246 561 307 439 531 43 481 220 47 33 169 445 510 426 338 355 134 319 500 528 230 253 305 77 546 256 7 208 536 150 518 283 533 71 201 423 55 379 498 572 490 122 453 185 67 172 324 259 412 31 344 455 507 361 560 337 420 298 103 388 315 95 104 217 451 550 141 32 4 342 113 415 17 544 252 129 527 116 266 442 435 351 284 15 90 193 484 360 335 247 280 147 371 115 59 40 366 61 50 154 489 202 81 281 221 25 94 540 23 12 223 120 350 10 51 293 195 362 301 182 83 331 470 570 487 80 102 488 459 434 377 240 6 121 98 312 251 68 295 153 219 422 526 272 483 255 556 243 534 557 54 447 222 365 523
57585 26944 34992 44621 10036 73915 17965 53870 41470 71866 37604 42756 69143 34761 75183 32701 8681 68215 96235 24204 59844 80826 54456 35815 19451 93929 1404 23399 20005 45056 88928 34731 8060 12063 49745 46581 58241 67275 62240 95563 43830 11692 71459 17015 80482 87725 90034 83208 15569 67776 48938 1935 61810 64471 58606 41955 96375 94252 45121 29821 82776 42650 48429 68317 89584 17409 36319 85891 68447 89638 60104 85814 68358 33840 19069 4225 86766 81933 33208 21425 82401 46731 73750 75448 37615 47679 29335 34669 89227 4417 49249 10794 35308 58190 22429 57901 35725 96837 99833 63799 36044 64523 62212 66448 79246 87623 82740 1601 60314 34854 11619 45720 96634 42808 31534 3944 92189 90225 47157 99654 31512 51817 30974 85293 33248 40668 44979 90971 60113 5547 16575 49554 9610 47546 40436 9688 96431 11056 30504 54263 31814 69370 16755 60670 2202 29895 8850 59486 85756 22541 98440 87341 45468 75395 25464 30310 58612 93221 12492 40424 84862 6996 33393 91187 74105 95123 79224 86542 8808 3435 64087 75875 36274 33799 71526 43041 51299 62105 61123 55865 12810 29748 5966 17506 97977 43887 67341 82710 81289 88392 24489 72018 56531 73439 26256 21018 84407 69431 84689 96434 14425 59384 83875 3974 77311 4432 22750 41635 60180 61581 44832 1116 18761 13540 80137 88998 95471 46478 64287 17916 22589 37285 6219 55707 4880 34124 39579 8903 78310 90948 85086 3365 95394 41112 44651 17311 89644 60082 40794 7811 8846 30339 85737 58596 57079 75359 31480 6167 27996 54078 3565 57368 71282 86941 49873 11395 17942 83483 98226 40795 20933 80540 51583 31814 10724 59658 63599 68558 56825 18351 12922 63106 82191 87483 90590 53491 6423 37380 77339 70551 20162 69633 61240 24042 63303 21167 59036 26952 12739 79916 16501 84916 32916 24607 67061 95413 14654 18318 31119 36563 25414 19557 24895 42910 33529 7446 98015 84648 8230 90772 8915 99270 87424 81911 65918 65106 17565 46491 35914 57964 25977 100000 16837 98996 37204 27243 80990 7506 23088 48964 64300 46287 14836 94839 34535 92697 46219 70515 32301 51395 3942 7149 61375 20962 5462 26686 18049 81841 31027 4417 55581 94606 34008 53430 49665 64379 51620 6690 25212 61918 19162 55789 73605 87489 63074 66626 71220 88370 24294 58994 92583 18980 65910 87697 58687 57773 5476 62360 97248 94918 38473 79201 41780 5902 39806 38095 88937 49127 19652 60643 44142 24119 10140 85352 50074 82025 42832 27624 96677 8778 71432 90484 6317 27884 16950 80384 91763 52422 68619 71332 68667 85201 60767 72604 94352 50189 72461 37129 69885 22746 43764 98319 9525 33824 47095 49045 19084 1511 78782 44199 12123 74655 29107 91415 74336 60122 51878 40504 60924 75405 57706 30018 77715 77075 32949 31601 98223 63497 33956 59174 94078 14483 69620 93956 32207 24054 54058 58868 88857 94428 59309 55138 11413 92531 51686 76349 47487 71342 38631 57275 93848 51586 49153 45298 96615 70251 59436 32672 62099 72388 68323 60101 13195 84466 7173 73796 57502 83002 41398 75654 34019 73447 85755 58646 13235 44581 64130 44133 40010 94632 23640 58504 63913 52198 26384 90805 92567 25465 83395 77674 19963 68062 40491 34950 77668 22360 14022 63438 17697 61261 30713 83145
417 228 437 461
3 2 574 321
164 361 238 432
50 180 218 520
112 80 453 502
285 108 441 481
444 401 500 459
71 53 572 352
31 264 536 477
94 1 330 154
